distCP(false): 3133.0, DPC_MIFa and DPC_MIFe: 0.007341206511330993, DPC_Ca: 0.0012767315671879987, DPC_Ce: 0.0015959144589849984, DPC_AIS and DPC_ADS: 6.383657835939994E-4
distCP(true): 9815689.0, DPC_MIFa: 1.8032356159613452E-5, MIFe: 1.8236111596445243E-5, DPC_Ca: 7.131440289112665E-7, DPC_Ce: 9.168994657430568E-7, AIS: 3.0563315524768564E-7, ADS: 3.0563315524768564E-7
